73505
74309
35893
48994
32480
43595
72967
64236
68295
45912
45920
39372
29074
33727
59166
34141
34764
67651
55914
42044
52808
38051
56358
72558
41873
30711
59107
29835
36082
32270
27794
41053
48761
61209
60152
51498
38080
74016
50275
37764
74304
66347
27637
38515
36964
47517
46160
39412
46796
60820
57099
45251
54988
72715
46000
54886
38021
71937
33512
69672
28334
65695
54980
42786
37087
58450
64870
37484
38127
49730
39002
37810
40609
29111
74033
44625
69537
67998
46992
25185
27592
61713
34173
41826
61272
39640
44379
47950
49271
52415
64375
60205
48719
30466
49031
29416
46462
68115
65840
68713
