49023
49560
23948
32683
21672
29082
48665
42845
45550
30626
30632
26266
19401
22504
39462
22779
23195
45121
37295
28049
35225
25386
37591
48391
27935
20491
39423
19908
24072
21533
18546
27387
32528
40824
40119
34350
25406
49364
33534
25195
49557
44250
18443
25696
24662
31697
30792
26293
31217
40567
38085
30186
36679
48497
30686
36609
25367
47978
22359
46467
18908
43817
36673
28542
24744
38986
43266
25008
25437
33172
26021
25226
27091
19427
49376
29769
46378
45353
31346
16808
18412
41162
22801
27903
40867
26445
29606
31987
32865
34963
42936
40155
32499
20328
32708
19629
30993
45431
43913
45830
